outfits_lost,volume,liking_diff
61,0,65
61,1,55
60,2,49
59,3,53
59,4,39
58,6,29
56,8,21
57,5,45
57,6,31
55,7,35
55,8,23
56,8,21
53,10,13
50,12,7
60,3,43
58,4,47
58,5,33
56,6,37
56,7,25
52,9,29
57,7,23
54,8,27
54,9,15
51,10,19
56,7,25
53,8,29
53,9,17
50,10,21
50,11,11
49,11,21
51,10,19
51,11,7
47,12,11
47,13,1
43,14,5
51,13,-1
47,15,-7
43,16,-3
49,14,-3
44,15,-5
39,16,-1
43,16,-3
55,6,51
52,8,43
54,7,41
51,9,33
49,10,33
48,11,23
51,9,33
47,11,25
46,12,25
42,14,19
44,13,15
40,15,9
38,16,13
36,17,3
44,15,-5
39,16,-1
43,16,-3
43,17,-13
38,18,-9
41,17,-11
35,18,-7
40,19,-19
34,20,-15
40,19,-19
34,20,-15
39,19,-17
32,20,-13
37,21,-25
30,22,-21
38,16,13
36,17,3
34,19,-5
34,18,7
32,19,-3
30,21,-11
30,21,-11
31,20,1
29,21,-9
26,23,-17
52,12,5
48,14,-1
49,14,-3
44,16,-9
39,17,-5
48,16,-11
43,18,-17
38,19,-13
46,19,-21
41,21,-27
41,18,-15
35,19,-11
41,18,-15
35,19,-11
39,20,-23
33,21,-19
37,23,-33
31,24,-29
38,20,-21
31,21,-17
36,22,-29
29,23,-25
30,26,-37
23,27,-33
34,25,-39
27,26,-35
28,29,-47
21,30,-43
35,23,-31
28,24,-27
33,26,-41
26,27,-37
27,24,-25
32,25,-37
24,26,-33
25,29,-45
17,30,-41
25,27,-35
30,28,-47
22,29,-43
23,32,-55
15,33,-51
36,22,-29
29,23,-25
34,25,-39
27,26,-35
28,23,-23
22,27,-31
33,24,-35
25,25,-31
27,28,-43
19,29,-39
31,27,-45
23,28,-41
25,31,-53
17,32,-49
32,25,-37
24,26,-33
30,28,-47
22,29,-43
29,27,-43
20,28,-39
22,31,-51
13,32,-47
27,30,-53
18,31,-49
20,34,-61
11,35,-57
26,30,-49
17,31,-45
19,34,-57
10,35,-53
24,33,-59
15,34,-55
17,37,-67
8,38,-63
17,31,-45
10,35,-53
15,34,-55
8,38,-63
13,34,-51
16,37,-63
6,38,-59
21,36,-65
11,37,-61
14,40,-73
4,41,-69
29,22,-15
28,22,-13
25,24,-21
19,28,-29
24,25,-23
20,27,-29
13,31,-37
11,34,-47
25,24,-21
23,25,-17
21,26,-27
15,30,-35
20,27,-29
18,28,-25
11,32,-33
16,29,-35
9,33,-43
7,36,-53
8,35,-39
6,36,-49
4,39,-59
8,35,-39
6,36,-49
4,39,-59
4,38,-45
9,35,-47
2,39,-55
0,42,-65
